
170439950
6568851594
1894096236
5990094762
6637829763
5618520155
6279270838
1536745500
7829891242
5478053870
7072883337
6204648383
1138220236
7840096732
6101627523
7710093560
6965138817
1902902540
7113289525
5082452482
7236921103
6817754293
6896060857
6820100729
6962302028
5696717736
6789473725
6664805712
5307276684
7654316359
1473605318
8051499209
1842501744
7655450863
702915440
7452187240
6423531961
7462200274
1317431988
6920399209
7631153409
7499869170
6103424079
7044244331
631162574
6216113095
7467990338
7587464212
751825047
725743381
6829435166
1897297661
841951334
7672857958
8046523322
6217245614
6292345422
6894159864
5522703122
734981874
1303990033
6982571505
6064751843
6185519430
6889798263
5723551751
6689166890
1032792595
5499954193
450737237
7043036125
7149029244
5039009610
6001944168
6943146081
7479519592
6279480809
397734772
5948211497
6440232939
6623324030
5342836064
7506929960
1785380496
5297023975
7906347116
6047315719
1084356785
7798130816
1443855564
5413778429
5045501012
7004492906
5522920877
6198627047
896003332
6372918883
5886278575
947186451
5291096236
7205998391
7487797768
6778465724
7829928247
446573424
7289183167
7043311108
1014075522
732577748
7673054347
5002842687
6797330733
7989523871
6620550405
537898588
7179528108
5273824860
6513399070
7659750075
6988764296
5091291880
7553006405
5680237735
8133362364
6480823562
7879238460
7874658234
327628157
747403044
7115735505
5207658639
7769027204
6633462855
6694430768
7526400846
7181538220
8048435933
6827730037
1653260063
6739984997
624568848
8033747957
5387336547
6286687226
5270268659
5621225197
5055776096
1115586747
710051415
6220339615
1789216803
763413181
5619879601
5886523016
1059953830
6270328780
618896383
1362009848
5599306349
1224215203
7836835139
7368616949
629686772
700002134
6068075402
2083526653
7017274162
1250977396
1925276439
6583105234
5790800364
6272509876
7042085727
1047013045
7530978158
6402277998
5521908123
6689761304
797921968
6450755245
7904326088
6278753704
6161084162
6700990528
7011367795
5344700023
5524530773
5749839526
1091323162
6735642915
1888499817
5848190020
7839923336
5730869902
6581142174
5058919783
5628537066
7356567378
1952494124
6677798632
1179038137
5477761865
1236579982
7618267938
7300748514
2062411478
7141326992
1251124594
641507581
169343617
7463292184
7232597663
7310268197
7744450137
5613642119
5303480927
530975612
6105806401
865259499
1473921310
1239735585
7513366116
5777588736
7918704932
1362266383
5831929399
7891136949
7788005262
6803352382
992230055
1047928228
7436309522
6593685212
5891362413
1162499458
7272592434
697335916
6526427385
6353690955
7927719329
1665618553
7703811368
866469775
6482992123
7738580276
7656410909
1047582568
6331813725
5461449646
6479700746
5475798131
859768696
712692560
7937642954
6735194836
159312129
7116454114
1254982321
5704464459
924766026
1187120042
909299882
674650613
944883293
8112730468
792386448
5262065170
7151017472
957303698
5413650803
7458065635
6857281629
5057946579
1638174412
7861332405
78804498
5368245691
6182677286
5193473711
7389578825
1566449140
7245774744
7130886824
7970736404
1961747789
985574802
5196142705
6764564636
6684075151
7040946497
1033935008
282084100
6342556993
6753500913
7703845097
637523768
1676127007
1100524304
1988477629
5798087932
5163599008
7702690346
5422687420
5653389687
5298462874
7133947012
5199648243
7753279648
142368047
6394640636
820689061
7586484764
7360944031
1122749149
5150379923
1379551888
228056993
6487976027
1702309438
6064032570
1564891879
1358611410
5389947558
2040231445
5289267750
5998684637
5582792575
157710519
5728417721
7218914355
7034435911
5795437683
6596766634
607256475
1875333412
8115891315
649057148
6575604063
614904407
7134188972
1170176162
903531425
7834814761
6360186760
5986350102
1906371687
5431133148
502175645
8099339463
5010945482
5007069367
7146853548
7372143576
6562429467
893822675
5996766468
6717012952
654399725
1338593355
5904189925
902728313
6481264984
1393487128
6380183325
451895826
1775320232
6364258638
855940156
1377871121
7330709739
2020224047
6956236021
5004508320
7253730452
5624761744
1486589084
1132296778
7130896494
6892062646
7115602559
5875005967
6301447690
5206794636
6631023931
1503415918
1054657310
5326396835
5557009563
6464787467
821611643
5445741402
7334879546
6926012480
5440919063
5486641292
7218955706
700331981
1060815651
7485983780
5317490609
6914820570
6704550672
6774785346
5680385546
768321911
767520667
6029432107
7103541586
7429782490
1067855976
7256578298
6825104147
7775239831
941405521
1360237263
6303078103
5144260889
5645108180
8192049629
808772349
7753574959
1485043598
7921554008
1771607771
1894605712
5178764050
7113729943
735221433
7425083644
5000147234
741780612
7842048877
1120133754
1304885854
6586804641
563008933
7800512060
6410854279
1460383098
717272533
5339508947
7027173418
5978845981
1878466454
1195965409
2055551136
749319973
7520450812
1197606202
7718924982
6730654781
6437863249
499233756
7108284275
5696694686
7168365905
8007055623
939177952
985035088
1602779851
1642149855
6599982845
1033124798
1166418449
652706024
6033404274
299318956
1083190324
621137182
5050436791
5281686585
5933755263
5103394505
320447745
7638347843
7002452173
2017755865
221564169
7892007389
8043981178
7018709602
6379711225
8018170726
5472873138
6127493378
8036850748
6312624065
7945869589
6589639184
570052485
7567042237
7346868433
6331921335
6039799745
7279186114
6573324710
6811297296
6958024761
1380438219
1865719341
1412816462
7531878854
6546876050
5346029387
7629175160
1657318853
7940526108
6722325679
7867336047
6906920328
6027279041
6386448771
1824769656
1332096866
1952246070
7934892231
1679541929
7294787206
7530873770
6375927297
2084427068
1055426973
1102394865
1515601921
7593415464
6595011736
5728853594
6553745875
7192958515
7467877349
8044423675
5548528189
7908322298
7716758768
5684882048
5945561053
8068512189
1029282822
6041325083
5978106050
5978106050
8107600705
7238096873
7867557980
5965551817
6632164441
5820096406
5480843317
5839727330
5271560639
1255540937
5390341056
2125162989
916971890
830816482
5531813359
7641202553
5639085950
892694705
373821538
6708432782
167451027
554365057
1337599412
7003229421
7165479834
5003444732
7438102830
7023766624
5854085631
5881061283
766925145
6535671514
5265396972
317205197
5059312097
6492032169
1084262020
6115373944
1084025350
494424350
444636837
1155711248
5965195923
6788107029
5559333365
6664391506
1963432670
675671667
1492549269
7365416312
6920499712
1167781449
2025046273
7441881638
6014300908
5144803495
789255089
5891735415
858214853
5508485760
1918708610
6211770200
8160688144
8065201760
894135030
290299023
5460620812
1083155190
394121656
853450264
7917190557
2071205583
448310062
6655748660
273842397
411346648
7153506166
692126894
429675943
5772504834
6916128840
6170852217
1624125453
5388693095
987430791
5999217757
6575204900
1026542450
7503275232
7405240030
5565951848
932423112
7446215122
5727933665
8069768386
1230887715
1495058222
7283932225
5252580751
7532116863
715810183
8068920574
6663993987
7104140580
5806631763
340526291
1306925886
7725978439
7673995409
7024320293
7067192606
5617638880
7614785500
516020642
7568297042
5763060514
7745609102
947448823
1273103594
5683393581
7260153628
356134403
5503685563
1722886042
6754171449
1197924117
1189211278
5558021403
368971748
5852351146
1930042451
7399805060
941183101
230836527
311919023
6593165951
7103059313
1391326596
7492360172
5894113230
5886424308
8092949111
7396283464
5284441611
1177834137
299127077
7542273760
7395241562
8068907352
5939481095
7293286331
728975541
1236474855
1109088213
6023740456
6104591479
7798335383
6892015300
1001797759
585551148
6248981751
882814859
477608987
784558845
7554049400
460679549
6325625278
376193744
1599913511
5910191725
6192348255
8115195019
474317659
6422419735
6247301097
7518134462
1932764792
6115115513
604177003
554649759
8130589532
5320953816
1253200008
5546766817
7486182983
7490166316
1675104854
1215104216
5276781572
7038666579
884419027
542545241
7663660151
7420736840
8109685306
7944567390
873026193
6174121974
6541362756
5536703122
7730999176
5883775950
1586224128
6295191432
345416783
5334616803
6342770742
7471294004
7307853605
7082538162
1670700785
7845039998
6873453473
7925441086
6160015230
1084701419
7824003345
7704328861
1577946301
6872968312
6262463553
336484750
5459769813
6929320561
7411447808
7288712618
328918871
938791281
5493537744
658035978
1255590304
6958742951
8137964317
6869557823
6162629089
6552837507
1136770464
5461276440
6630335820
5397487996
960936887
794404948
6291197399
913025646
6215089889
5162538484
6956534106
7877954999
6553882606
5023622301
6331238331
5421065203
6435399696
985139825
831626351
5153183107
1974557163
7995617301
6001654655
7925149406
5727033928
5102274745
5676351299
7638393474
7933033638
7795171065
765077221
6140111108
7903949446
1836401782
6975504752
7563553217
7500625704
5738285526
6736959531
6891220347
1268966046
8145381795
6541434045
6886737885
1808805766
889633276
5955356673
5841090942
221372061
6040655388
558377169
963989213
7256358678
6575686895
7592055562
7257719113
778534711
6079980580
6989166956
5543320847
1626666865
7649353161
7583524166
915523556
982872272
6445073530
1246389746
825282014
407880916
825598934
5201639155
1596970361
1261599567
7439922341
6659026575
980464919
821129899
6748878063
7486597702
372473434
6827370732
6883056859
6771570156
443085945
7989526060
5888311014
7503829680
7660005816
7785365407
7557780509
1296155912
6225707880
7343147584
6341233393
8014892292
6545381233
5776962235
1625473014
5846738847
6798305801
1780711400
5755440242
7073040140
6474384418
2104795676
6796918181
1774920613
1745794369
362663997
981326764
5024122321
1248576559
5702260629
1193427170
6593606352
6297924358
5718280082
608621498
6123737583
958906653
733763869
1714148126
5460899851
5650914637
1800625151
8000429063
1650330164
7547360360
7181244219
700088402
7005577491
1760827279
6399075168
506191739
5859219698
5825608756
5555489541
1266012507
5022607386
5161536735
355407293
6341411176
654061293
7771445760
375651336
644882698
5300220679
373685541
7772232832
5908813861
5018358995
7038743960
867825511
6458987252
7882541430
5678376838
854806399
7785667628
5086232656
6774386740
7911241931
626339359
6429311949
7286971067
7286713003
7301001187
1767038917
6029565377
2131537697
217402071
7544710089
1175390745
6071102999
7154010354
1775985738
6594526336
1820472806
7649566652
6297668857
1005313061
7255877507
1482236810
957089139
7991481679
7796325622
7900181476
709562588
5742171935
6875995783
7710291224
6238785889
1894625424
7836632947
5864831510
6937406963
7341264926
692676972
7259029227
1378594726
482186900
7346933782
6167730523
1480282157
827616682
278958604
389107462
5960936321
7539445057
1299016972
7038068546
593882937
946437164
2026755692
7528378438
7893161837
5539436006
5658124793
587899517
6012835800
442811894
5026054020
518387680
5849786114
7150756268
6651704923
1941106952
6448050611
5000388687
200514289
7007222260
6007663433
778893611
1176897115
7098628266
6090336567
563506413
8011220103
1226754018
5251144526
6075708883
2009932209
6343444313
6741283913
751615650
7639624632
7110819684
498262515
1045472393
2131217688
1207727163
8075542842
6439629501
7999914796
7162577028
6557182414
6401681416
5628948623
1870381390
6338188738
801127372
6386143586
343440712
6488920381
1700434115
2025918406
329994466
708519379
7915529021
6599794898
5226211380
7275467991
6005276524
917249812
751615650
7639624632
7110819684
498262515
1045472393
2131217688
1207727163
8075542842
6439629501
7999914796
7162577028
6557182414
6401681416
5628948623
1870381390
6338188738
801127372
6386143586
343440712
6488920381
1700434115
2025918406
329994466
708519379
7915529021
6599794898
5226211380
7275467991
6005276524
917249812
5542049931
7538887520
952921193
7969781372
5720841864
1058536833
699164136
1127672345
6816543138
7883743030
867993583
5966470238
5230526602
5346432816
1799466974
2030911482
6610865718
7098049491
1062262958
911917004
5957070520
7926639750
1832945206
8023220594
7803782102
7033100731
7170753896
8070810102
1276198123
1475146088
7559473219
1125584530
7521176787
6230017286
5763225416
5045906624
590271226
1524360581
5189880233
5838382138
656409460
7197328919
5624480866
647550726
1393615580
1090868325
7169791375
5199975627
5057302503
956357914
6151829781
7089725982
301839473
7511341302
1350619527
781316326
8072287975
5917458603
5214266341
6602349944
5536098201
6619379736
6736633398
709671149
592722282
6690423210
7548560526
5240993050
6845528164
185972080
6346547918
6807775998
5195616624
7113269968
5664074083
5146679930
5870595276
5977071827
947829118
6919161723
965324041
1568961595
5099161704
1988570742
896553821
912473701
1860956285
2108011814
216119032
1601193249
6966808406
7895638223
6952563204
7530113687
5184377620
7872822222
6449204819
7468085669
6741873674
8076177094
5887614229
1737766719
1364506749
6205127105
7743959058
7487913779
6056041044
952625574
6445715122
926932985
906329503
6666387901
1512098779
6118410170
7492643671
5709354860
6148214911
6851134067
6442016816
6196586405
5649798894
647397970
7283296359
1878033010
5177781849
1208239295
623741545
589558502
5397713722
5498158964
2022990138
493340881
1064241063
7216757908
6067790406
6781228320
7314095513
1985562431
1600711798
5661396972
1226176251
5590118185
1273026567
1348186983
1481022430
705483684
1195534532
938201124
6564503105
6705740570
5639388559
6764871572
7261232567
5886690923
1401761368
6707216441
477024569
5522363798
6504416381
5012218364
6420805982
6799097827
6043531649
1137100322
6998223937
6283410120
5565803657
731347881
5433007680
7429741117
6434726947
1148642229
6855742284
1008274524
765983607
5129264689
573315220
978336436
772783422
5326049576
326307480
478741344
7502420590
966522676
6200582818
530019053
7383803284
6410939232
133629855
6249205152
1455070182
782597143
6359034151
430599586
871317045
645842672
945794915
817912032
523310362
1026496933
5361000119
1022945510
7435790077
555585779
5988610387
1463387352
8008033027
5989608845
1077247552
5767543316
779743449
6716863623
6821456628
6405773711
5897210804
5072608438
6959678024
974309980
1416126968
616023592
1756352020
6522887923
7397636477
1260612929
5778390604
995196835
5709505340
7423845537
6913366962
1178303438
7074094401
6464250166
1189345746
2014136601
5677859066
6995835811
7984370250
6993415223
7954657478
5201957809
5536348707
1274953475
700951809
6620178873
1703697289
7939890404
7416294742
5083821624
2013362978
6067807995
5655038935
6085413329
7029192860
6340371649
6255472989
1339786489
7768221369
6789822230
7518584461
1014094535
7949361489
5870035960
5046764652
5462850346
1261882320
583434921
7948018762
1331461178
8037613662
795492050
6381937263
5026804764
6971425926
7654890251
6920566594
6728743914
7580280576
6402290009
7734141056
7859688467
577914363
1397909523
7416276413
367169642
1545060127
2023815446
5952848126
255490527
181575701
2146274598
1021299275
5098980714
7679701430
7049581108
5527569385
1490578038
6878398492
5014076886
974298549
6042137325
7693570288
1221889744
1607909462
502678332
798918803
6455967871
7600408131
112513429
7573612951
6811966839
8197314695
7520740746
6094693127
1478577214
1468270869
1886824984
6304687211
803152713
7345679337
980054133
6446436112
6433879285
7059406959
6829031937
401847247
6398249635
8075935896
1624573323
6534778881
626282567
6479198570
85393303
1184152958
5643239552
6090909640
6868103552
5428800736
6154417973
6538030208
6592447399
374776518
6006773166
5917981674
224150684
7620097472
7853332665
7831400088
844811493
7585601185
838148046
6356823193
7514824330
6741631227
5554452477
896695834
1549645591
6247255073
8070910975
6881440526
1438603893
1662442752
6495483898
818285742
918615051
1052503375
5974248311
6828074563
7403234591
7398981254
6866324748
5361864516
7447108053
7514781990
6992793782
6000688070
5601794377
7561409550
6770151012
6362937599
7071695836
659117655
609681440
1962289151
1182819933
1492025956
1965682648
6010845476
6651519696
5803014034
234788877
5568413366
649827055
952433633
5451515730
654626699
104916522
940276825
7159704662
1045787233
6666869081
1477355199
7507664290
1455154855
7928055304
7104362539
7556681341
425488533
817332814
5044164966
5411700317
7275896331
7394985083
6471451277
984517474
345433303
449648410
1948537758
7630650220
6341060313
7499514650
7373295158
7417207560
7755367299
7483325610
5069819191
6790263852
6717269142
7633969232
7267407567
7519615619
7111669367
7684580280
2017927514
2001000515
6907895929
1039592205
8131194857
6518603123
1955007148
6662167880
1321530850
5057777484
6469835479
1923161855
7530633617
8054892002
349945688
7196945449
7215653658
5725225615
7906395561
495131025
752571959
7930252803
7344472414
1788609425
1107957601
7932876816
6311815914
7503975869
7319276168
707301359
7003241281
5098961277
5862330732
6506343640
7993201331
6553380738
202750907
7019091062
1436242927
6831168151
861036809
1502302356
410386510
5655948410
5749477962
774838438
6586057279
5306760928
7084285653
7692621377
7158171940
7546059787
1278241572
602553581
8050494551
51816912
5065358697
738608207
6680555476
5665338117
664545472
7554803735
6998161686
6868950664
1192273309
5333782522
1465832247
7305125144
1119606406
97527395
7816295947
2108221913
6688535134
7247638437
7015682903
740250398
1112444037
5449141572
5449141572
6529986768
6422405796
773667391
868597647
191432865
7902485949
662041498
1162353086
5624624578
491707513
844148744
549450866
6544543638
1739429393
442499650
760222252
7727094409
5037885177
1650141823
338797313
6975124299
6584459385
666374127
1897849247
5856815967
7142956401
245895532
5859588275
7902058937
1706350602
2007368481
5052578250
6339932419
6604051565
5219274187
7722784688
5509956410
2104099389
1245284327
2065640536
1381508246
1981782318
527611008
602322686
7286661504
5274473604
6625962183
6268067433
6509169634
549599539
6722590732
6439609567
7547464942
7480837280
307162397
7240232188
7269501219
1820460665
5427022006
5037928139
6962102570
750646642
5734361568
452252069
356870129
858732560
1192692171
7931706766
1588440959
5327474903
6665917414
5330541998
8108907916
6331538915
439549593
6252932850
1266670151
417452026
837188809
6761710278
7074453858
757995556
807244781
5234568480
969596723
5859755982
572306053
7845801976
5166107048
1242566455
1347188848
6293820051
7449815692
1148266496
5315088143
783656813
7924933737
6977936050
7662277614
1826467835
377936445
5503417241
1554694790
603219227
6828453531
5770942132
1918284693
517740939
5916082843
7893809058
6157727725
997911958
5599201017
712041312
5848817657
5645597444
5093264239
5139624640
6760961912
6210000578
363164006
6786339483
6491352356
1166165743
6286263078
6419770278
7301761748
931479604
5835702893
620613675
7720710519
322106284
6248935136
6673951095
5644499973
6961293261
7539644966
5625543319
5954911796
5954911796
746175042
6258050132
8010359747
6178879589
1489833230
7899462832
6470432085
5682599979
6088356601
5985528348
1089018830
5902310392
427714329
7235832276
1099425332
6323256683
1790438467
7854949242
6808853589
772027746
1225360996
6060824072
6120903060
7603098914
5180219375
6724270698
6513044233
6122338445
6352456719
562193271
7248860419
677587349
5966042444
858867679
157589945
5052849199
1124118591
605884534
6726397572
5316897705
5695851512
6093281918
7093090845
6114242084
490135048
5983378869
7450480949
726552535
5407644657
5928092708
571518771
7204047469
1975328840
5398257742
836165119
5846734711
6259796289
5642223545
7311081048
273542960
6037002762
2063977448
7604983380
7059855280
1505718942
7687775355
546624327
7540188873
1545136848
7151019664
5286048104
5542775694
1954723129
1674123586
7314284520
7422542990
6952314255
7460313928
6243269688
7370580102
2109469604
1929946251
7954760510
1797990564
311333097
6714018139
6254980999
6558703538
8134398774
5192245906
5174596995
1318171877
1110220610
6590428110
861590739
1469309379
2003297812
6776997010
6965433902
7583768624
5058832074
960767402
5375039868
6178023175
6653967363
1644695217
7615342247
5439398283
6509846692
5960897730
634357551
8151140115
7741105505
1041886566
7478945361
1618693193
1311117683
6681371808
6506538957
7648896809
5229815700
7110764327
6855317283
6417741208
531161205
1487569275
161847991
414365690
903021037
7107299365
5004059289
642611610
770313023
5470462644
715381854
7056914467
7762511838
5781934662
7053685131
7140106011
5222286960
2093558955
1278752792
5516301804
1270258738
7396323065
5778170382
745006516
657005271
6012574263
6551514370
6525369862
914956596
315079673
6634936088
6399054194
5958163483
1215894378
6350070427
7262508512
1669720926
8002204573
7417717800
297585972
558421955
6232285370
6524116393
5007031407
7695351780
1433484175
6649519896
102578900
621198657
911559809
7908475171
420270737
5050581650
1985742421
6904206834
7326181923
485500368
1924739039
5213545599
5750213669
175826378
6001458368
7122446569
7427273819
1441461593
915958814
1872906486
248229149
5887403646
598044292
1334655626
1961477597
1076095936
7850294505
7637704629
5348153509
5437452496
7357147084
6533635802
7466007419
1940467006
5054758909
6388691519
5558834499
6459568189
1092447051
7251428252
7273902150
7478276860
5722115965
2053900471
6894521789
7415621418
5730581355
5658119216
915958814
1872906486
248229149
5887403646
598044292
1334655626
1961477597
1076095936
7850294505
7637704629
5348153509
5437452496
7357147084
6533635802
7466007419
1940467006
5054758909
6388691519
5558834499
6459568189
1092447051
7251428252
7273902150
7478276860
5722115965
2053900471
6894521789
7415621418
5730581355
5658119216
1160818889
980057567
6768246702
462312738
694226677
226642390
5979006062
677306563
2080805282
810912108
6191495957
1321971586
5512322192
6457556887
6558323776
5320647393
5791993892
6655600601
5663588185
471069965
6504815781
853107161
1332375778
5797463838
6776472076
7092929584
5568686934
6593514681
5842907191
5821214863
6044798973
8041649583
1942063658
8160052312
7610865454
427094514
1048408472
1844347890
5778185408
1305522923
5209797808
215333656
382812051
483298184
374656084
7247455165
1324284841
814449600
5141036094
6169852096
1327228795
6811094437
789557909
1143320439
5214456622
273445660
318698037
7223895976
7341640841
7463423386
1568277401
1374150037
162376023
1140976963
694822513
595837900
6928254313
5507157008
6191340866
219636592
270047280
5083140294
1004036866
589652851
1100374856
7441821666
7465888201
5862364029
7829231183
598966439
5872501153
7922826772
5329069560
6439408050
7146051911
6601420181
6259799626
6814967220
7490037662
221615149
343031856
1278892585
720655394
5157522586
7779139648
1965198154
459270861
5906973722
273483032
1215990843
872613733
7066213164
971573136
6630309692
7829498008
216922510
970807632
163243128
492378373
981875857
837423714
7586425517
1423555713
1175819379
750885419
658612196
295851143
1467378415
600921246
515228430
6051040195
5420741652
1053238118
642740591
1594156289
5311233352
1288517935
5178256220
643637048
7445621891
626076033
6066890901
378139531
62257823
793659487